25,53
25,21
25,256
25,56
25,48
25,55
25,33
40,4
40,3
40,2
40,1
40,0
39,4
39,3
39,2
39,1
39,0
38,3
38,2
38,1
38,0
28,6
25,42
25,41
25,40
25,39
25,38
25,37
25,36
25,35
25,34
25,32
25,31
25,30
25,29
25,28
25,27
25,26
25,25
25,24
25,23
25,22
25,20
25,19
25,18
25,17
25,16
25,15
25,14
25,13
25,12
25,11
25,10
25,9
25,8
25,7
25,6
25,5
25,4
25,3
25,2
25,1
25,0
24,3
24,2
24,1
24,0
23,6
23,5
23,4
23,3
23,2
23,1
23,0
22,3
22,2
22,1
22,0
21,3
21,2
21,1
21,0
20,3
20,2
20,1
20,0
19,3
19,2
19,1
19,0
17,3
17,2
17,1
17,0
4,2
4,1
4,3
3,6
3,5
4,0
3,4
3,3
3,2
3,1
3,0
2,3
2,2
2,1
2,0
1,3
1,2
1,1
1,0
0,435
0,426
0,415
0,408
0,400
0,399
0,398
0,395
0,387
0,322
0,314
0,313
0,243
0,9
4294967294,131
4294967294,130
4294967294,129
4294967294,128
4294967294,127
4294967294,126
4294967294,125
4294967294,124
4294967294,123
4294967294,122
4294967294,121
4294967294,120
4294967294,119
4294967294,118
4294967294,117
4294967294,116
4294967294,115
4294967294,114
4294967294,113
4294967294,112
4294967294,111
4294967294,110
4294967294,109
4294967294,108
4294967294,107
4294967294,106
4294967294,105
4294967294,104
4294967294,103
4294967294,102
4294967294,101
4294967294,100
4294967294,99
4294967294,98
4294967294,97
4294967294,96
4294967294,95
4294967294,94
4294967294,93
4294967294,92
4294967294,91
4294967294,90
4294967294,89
4294967294,88
4294967294,87
4294967294,86
4294967294,85
4294967294,84
4294967294,83
4294967294,82
4294967294,81
4294967294,80
4294967294,79
4294967294,78
4294967294,77
4294967294,76
4294967294,75
4294967294,74
4294967294,73
4294967294,72
4294967294,71
4294967294,70
4294967294,69
4294967294,68
4294967294,67
4294967294,66
4294967294,65
4294967294,64
4294967294,63
4294967294,62
4294967294,61
4294967294,60
4294967294,59
4294967294,58
4294967294,57
4294967294,56
4294967294,55
4294967294,54
4294967294,53
4294967294,52
4294967294,51
4294967294,50
4294967294,49
4294967294,48
4294967294,47
4294967294,46
4294967294,45
4294967294,44
4294967294,43
4294967294,42
4294967294,41
4294967294,40
4294967294,39
4294967294,38
4294967294,37
4294967294,36
4294967294,35
4294967294,34
4294967294,33
4294967294,32
4294967294,31
4294967294,30
4294967294,29
4294967294,28
4294967294,27
4294967294,26
4294967294,25
4294967294,24
4294967294,23
4294967294,22
4294967294,21
4294967294,20
4294967294,19
4294967294,18
4294967294,17
4294967294,16
4294967294,15
4294967294,14
4294967294,13
4294967294,12
4294967294,11
4294967294,10
4294967294,9
4294967294,8
4294967294,7
4294967294,6
4294967294,5
4294967294,4
4294967294,3
4294967294,2
4294967294,0
0,310
0,305
0,308
0,304
0,303
0,302
0,307
0,12
0,10
0,8
0,0
0,420
0,300
0,427
0,299
0,409
0,298
0,332
0,297
0,317
0,296
0,323
0,295
0,312
0,294
0,382
0,293
0,328
0,292
0,366
0,291
0,318
0,290
0,419
0,289
0,359
0,288
0,383
0,287
0,407
0,286
0,354
0,285
0,311
0,284
0,381
0,283
0,436
0,282
0,406
0,281
0,362
0,280
0,425
0,279
0,369
0,278
0,380
0,277
0,348
0,276
0,374
0,275
0,375
0,274
0,349
25,43
25,44
25,46
25,47
25,49
25,50
25,52
25,54
25,64
25,66
25,67
25,69
25,71
25,72
25,74
25,75
25,77
25,78
25,80
25,82
25,83
25,85
25,86
25,88
25,90
25,91
25,93
25,94
25,96
25,97
25,99
25,101
25,102
25,104
25,105
25,107
25,109
25,110
25,112
25,113
25,115
25,116
25,118
25,120
25,121
25,123
25,124
25,126
25,128
25,129
25,131
25,132
25,134
25,136
25,137
25,139
25,140
25,142
25,143
25,145
25,147
25,148
25,150
25,151
25,153
25,155
25,156
25,158
25,159
25,161
25,162
25,164
25,166
25,167
25,169
25,170
25,172
25,174
25,175
25,177
25,178
25,180
25,181
25,183
25,185
25,186
25,188
25,189
25,191
25,193
25,194
25,196
25,197
25,199
25,201
25,202
25,204
25,205
25,207
25,208
25,210
25,212
25,213
25,215
25,216
25,218
25,220
25,221
25,223
25,224
25,226
25,227
25,229
25,231
25,232
25,234
25,235
25,237
25,239
25,240
25,242
25,243
25,245
25,246
25,248
25,250
25,251
25,253
25,254
26,0
26,2
26,3
26,5
27,0
27,2
27,3
27,5
27,7
27,8
28,0
28,1
28,3
28,5
30,0
30,2
30,3
31,1
31,3
31,4
33,1
33,2
33,4
33,5
36,1
36,3
37,0
37,2
37,3
37,1
36,2
36,0
33,3
33,0
31,2
31,0
30,1
28,4
28,2
27,9
27,6
27,4
27,1
26,4
26,1
25,255
25,252
25,249
25,247
25,244
25,241
25,238
25,236
25,233
25,230
25,228
25,225
25,222
25,219
25,217
25,214
25,211
25,209
25,206
25,203
25,200
25,198
25,195
25,192
25,190
25,187
25,184
25,182
25,179
25,176
25,173
25,171
25,168
25,165
25,163
25,160
25,157
25,154
25,152
25,149
25,146
25,144
25,141
25,138
25,135
25,133
25,130
25,127
25,125
25,122
25,119
25,117
25,114
25,111
25,108
25,106
25,103
25,100
25,98
25,95
25,92
25,89
25,87
25,84
25,81
25,79
25,76
25,73
25,70
25,68
25,65
25,51
25,45
0,273
0,416
0,272
0,306
0,271
0,339
0,270
0,404
0,269
0,434
0,268
0,333
0,267
0,357
0,266
0,365
0,265
0,360
0,264
0,364
0,263
0,319
0,262
0,309
0,261
0,341
0,260
0,445
0,259
0,439
0,258
0,431
0,257
0,410
0,256
0,351
0,255
0,345
0,254
0,316
0,253
0,422
0,252
0,301
0,251
0,347
0,250
0,417
0,249
0,373
0,248
0,346
0,247
0,437
0,246
0,336
0,245
0,384
0,244
0,433
0,242
0,414
0,241
0,353
0,240
0,368
0,239
0,367
0,238
0,331
0,237
0,403
0,236
0,402
0,235
0,447
0,234
0,392
0,233
0,424
0,232
0,372
0,231
0,440
0,230
0,412
0,229
0,388
0,228
0,376
0,227
0,370
0,226
0,315
0,225
0,389
0,224
0,401
0,223
0,446
0,222
0,343
0,221
0,432
0,220
0,396
0,219
0,371
0,218
0,355
0,217
0,363
0,216
0,385
0,215
0,327
0,214
0,444
0,213
0,397
0,212
0,411
0,211
0,393
0,210
0,413
0,209
0,334
0,208
0,394
0,207
0,438
0,206
0,443
0,205
0,377
0,204
0,405
0,203
0,358
0,202
0,361
0,201
0,391
0,200
0,324
0,199
0,340
0,198
0,386
0,197
0,379
0,196
0,423
0,195
0,330
0,194
0,442
0,193
0,390
0,192
0,430
0,63
0,441
0,62
0,378
0,61
0,429
0,60
0,352
0,59
0,338
0,58
0,418
0,57
0,350
0,56
0,321
0,55
0,428
0,54
0,337
0,53
0,326
0,52
0,344
0,51
0,342
0,50
0,356
0,49
0,325
0,48
0,335
0,47
0,421
0,46
0,329
0,45
0,320
0,6
0,5
0,1
0,11
0,4
0,2
0,3
0,7
